2	26.830
-1.721	-0.008	26.841
-1.811	-1.126	26.843
-1.610	-0.048	26.839
-1.115	-1.200	26.829
-1.620	-0.050	26.839
-1.206	-1.215	26.830
-1.813	-0.094	26.844
-0.860	-0.983	26.827
-1.682	0.024	26.840
-0.949	-1.039	26.827
-1.771	-0.031	26.842
-0.734	0.268	26.847
-1.682	-0.189	26.845
-1.391	-1.363	26.837
-1.777	-0.194	26.848
-1.250	0.706	26.852
-1.701	-0.245	26.849
-1.567	-1.411	26.845
-1.647	-0.253	26.847
-1.361	0.789	26.850
-1.835	-0.145	26.845
-0.770	0.089	26.844
-1.621	-0.500	26.850
-2.088	0.658	26.848
-1.509	-0.471	26.850
-1.888	0.699	26.849
-1.605	-0.477	26.850
-1.890	0.699	26.849
-1.539	-0.472	26.850
-1.875	0.700	26.849
-1.613	-0.475	26.850
-2.051	0.686	26.848
-1.551	-0.465	26.850
-2.108	0.672	26.848
-1.491	-0.444	26.851
-1.838	0.729	26.849
-1.560	-0.447	26.850
-2.003	0.715	26.848
-1.558	-0.446	26.850
-1.601	0.706	26.850
-1.661	-0.423	26.850
-1.292	0.575	26.851
-1.702	-0.401	26.849
-1.663	0.732	26.850
-1.644	-0.416	26.850
-1.788	0.751	26.849
-1.577	-0.423	26.850
-1.633	0.730	26.850
-1.709	-0.392	26.849
-1.431	0.652	26.851
-1.678	-0.406	26.850
-1.092	0.448	26.850
-1.801	-0.298	26.848
-0.876	0.190	26.847
-1.860	-0.203	26.847
-0.778	-0.011	26.843
-1.825	-0.284	26.848
-0.682	-0.289	26.837
-1.850	-0.143	26.845
-0.753	0.006	26.843
-1.831	-0.200	26.846
-0.866	0.228	26.847
-1.713	-0.368	26.849
-1.099	0.463	26.850
-1.794	-0.297	26.848
-1.298	0.622	26.851
-1.791	-0.299	26.848
-0.971	0.328	26.848
-1.791	-0.299	26.848
-0.669	-0.219	26.838
-1.824	-0.164	26.846
-0.939	0.380	26.849
-1.744	-0.267	26.847
-1.149	0.582	26.851
-1.667	-0.324	26.848
-1.149	0.582	26.851
-1.746	-0.264	26.847
-1.137	0.573	26.851
-1.708	-0.293	26.848
-0.733	0.116	26.845
-1.754	-0.213	26.847
-0.843	0.295	26.848
-1.791	-0.161	26.846
-0.634	-0.232	26.838
-1.778	-0.227	26.847
-0.634	-0.236	26.838
-1.803	-0.093	26.844
-0.635	-0.239	26.838
-1.802	-0.101	26.845
-0.691	-0.735	26.829
-1.774	-0.038	26.843
-1.220	-1.176	26.832
-1.684	-0.017	26.841
-1.135	-1.156	26.830
-1.752	-0.038	26.843
-0.945	-1.056	26.828
-1.735	-0.025	26.842
-0.938	-1.051	26.827
-1.737	-0.025	26.842
-0.574	-0.457	26.833
-1.744	-0.079	26.843
-0.714	-0.867	26.827
-1.786	-0.148	26.845
-0.615	-0.317	26.836
-1.786	-0.147	26.845
-0.715	-0.868	26.827
-1.699	-0.015	26.841
-1.017	-1.106	26.828
-1.719	-0.024	26.842
-0.840	-0.988	26.827
-1.717	-0.022	26.842
-1.034	-1.112	26.829
-1.665	0.000	26.841
-1.367	-1.175	26.835
-1.737	-0.003	26.842
-1.336	-1.171	26.834
-1.672	0.003	26.841
-1.708	-1.130	26.841
-1.610	-0.013	26.840
-1.301	-1.187	26.833
-1.673	-0.016	26.841
-2.064	-1.001	26.848
-1.653	-0.026	26.840
-1.412	-1.200	26.835
-1.650	-0.024	26.840
-1.412	-1.199	26.835
-1.595	-0.028	26.839
-1.604	-1.169	26.839
-2.181	-0.039	26.851
-1.876	-1.215	26.845
-1.141	-0.496	26.823
-1.660	0.650	26.822
-1.382	-0.526	26.823
-1.763	0.643	26.822
-1.058	-0.434	26.824
-2.167	-0.552	26.843
-1.267	-0.030	26.834
-2.421	0.031	26.834
-1.249	-0.314	26.828
-2.196	-0.769	26.846
-3.245	-1.037	26.878
-4.396	-0.978	26.917
-5.520	-1.019	26.733
-4.497	-1.691	26.280
-3.623	-1.048	25.690
-2.817	-0.312	25.057
-2.561	0.871	24.491
-3.812	1.337	23.923
-4.955	1.928	23.329
-3.931	2.251	22.873
-2.893	2.552	22.462
-1.791	2.698	22.168
-2.443	1.872	21.806
-3.352	1.324	21.421
-4.227	0.724	20.988
-5.288	1.260	20.492
-4.391	1.807	20.007
-3.294	1.976	19.503
-2.161	2.245	18.996
-1.150	2.764	18.523
-0.443	3.610	18.113
-1.368	4.429	17.565
-0.616	3.448	17.277
-1.471	2.806	16.822
-2.208	2.028	16.398
-2.982	1.280	15.941
-3.816	0.595	15.419
-3.233	1.487	14.876
-2.088	1.454	14.362
-0.931	1.317	13.883
0.036	0.580	13.400
-1.003	0.208	12.855
-2.038	-0.013	12.284
-2.819	-0.705	11.695
-3.646	-1.428	11.103
-3.357	-0.370	10.459
-2.262	-0.138	9.824
-1.123	-0.099	9.248
-0.566	-1.146	8.755
-1.581	-1.601	8.378
-2.713	-1.715	7.967
-3.825	-1.485	7.435
-4.732	-0.762	6.771
-3.550	-1.064	5.981
-4.640	-1.371	5.259
-5.459	-0.576	4.492
-4.420	-0.178	3.643
-3.280	-0.164	2.832
-2.141	-0.138	2.129
-0.998	-0.214	1.533
-1.263	-1.328	0.973
-2.400	-1.229	0.406
-3.237	-2.023	-0.254
-3.071	-0.986	-1.056
-3.138	0.019	-1.849
-4.200	-0.119	-2.640
-5.233	-0.362	-3.490
-6.170	-0.913	-4.422
-7.155	-1.318	-5.470
-8.112	-1.056	-6.724
-6.924	-1.020	-7.996
-5.794	-0.895	-9.081
-4.664	-0.702	-9.979
-3.523	-0.573	-10.781
-2.407	-0.738	-11.607
-1.174	-0.552	-12.530
-0.533	0.521	-13.534
-0.151	-0.572	-14.607
0.641	-1.428	-15.712
1.740	-1.881	-16.816
2.961	-1.925	-17.850
4.168	-1.512	-18.778
4.163	-0.354	-19.580
3.363	0.278	-20.400
2.345	0.495	-21.295
3.571	0.536	-22.208
4.647	0.151	-23.147
4.476	-0.918	-24.074
3.413	-0.980	-24.965
3.041	-2.107	-25.864
3.674	-2.899	-26.781
4.454	-1.918	-27.627
3.974	-1.065	-28.330
3.485	-0.214	-29.020
2.357	-0.933	-29.708
3.322	-1.331	-30.495
4.497	-0.807	-31.333
5.670	-0.669	-32.182
6.708	-0.900	-33.003
7.310	-1.674	-33.668
6.181	-1.667	-34.234
5.244	-1.272	-34.808
4.284	-0.908	-35.400
3.198	-0.755	-36.038
2.048	-0.785	-36.780
0.850	-0.993	-37.643
1.423	-1.861	-38.663
2.486	-2.074	-39.757
3.525	-2.337	-40.819
4.696	-2.067	-41.834
4.363	-1.202	-42.723
3.995	-0.361	-43.625
3.501	0.400	-44.590
3.099	1.231	-45.647
2.739	2.100	-46.802
2.574	3.073	-48.052
2.497	4.103	-49.410
3.382	3.653	-50.735
4.181	3.142	-52.102
4.464	2.196	-53.479
4.153	0.996	-54.820
3.206	-0.249	-56.125
2.011	-1.430	-57.394
0.612	-2.503	-58.644
0.224	-1.667	-59.985
1.334	-0.837	-61.381
2.520	-0.315	-62.727
3.748	0.176	-64.010
4.893	0.375	-65.228
5.783	0.108	-66.404
6.154	-0.699	-67.544
6.753	-1.349	-68.631
7.331	-2.013	-69.610
7.196	-3.115	-70.426
6.167	-2.945	-71.098
5.177	-2.717	-71.793
4.267	-2.382	-72.558
3.474	-1.901	-73.412
4.450	-0.432	-74.385
5.784	-0.062	-75.335
7.071	0.188	-76.217
8.541	0.813	-76.991
8.324	1.915	-77.699
7.373	2.205	-78.399
6.288	2.260	-79.111
5.141	2.330	-79.860
3.947	2.341	-80.685
2.737	2.353	-81.631
1.469	2.281	-82.714
0.004	1.305	-83.895
1.465	2.021	-85.033
2.958	2.676	-86.220
4.376	3.184	-87.440
5.872	3.893	-88.620
7.435	4.799	-89.706
9.029	5.729	-90.693
10.730	6.874	-91.554
9.248	6.142	-92.870
7.829	5.634	-94.158
6.494	5.314	-95.502
4.961	4.677	-97.027
3.186	3.756	-98.949
4.429	4.951	-100.689
5.701	5.369	-102.467
6.780	5.387	-104.279
7.503	4.965	-106.034
7.893	4.165	-107.667
7.342	2.592	-109.273
5.464	1.456	-110.908
3.423	0.044	-112.519
1.058	-1.746	-114.096
-1.492	-3.843	-115.634
-4.147	-5.951	-117.073
-4.779	-7.633	-118.597
-3.278	-6.813	-120.278
-1.414	-5.431	-121.861
0.821	-3.340	-123.357
3.163	-1.200	-124.766
2.494	-2.746	-126.049
0.312	-5.233	-127.195
-2.308	-7.833	-128.227
-4.513	-9.052	-129.277
-6.724	-10.248	-130.301
-6.168	-8.738	-131.642
-4.146	-6.300	-133.034
-1.689	-3.469	-134.338
0.488	-0.672	-135.543
2.027	1.810	-136.705
3.079	4.083	-137.883
6.277	6.852	-138.940
3.796	4.121	-140.386
0.977	1.065	-141.794
0.540	-0.405	-143.156
4.299	2.922	-144.423
2.292	1.963	-145.722
-1.116	-0.698	-146.895
-5.102	-4.108	-147.881
-5.019	-2.912	-148.978
-0.722	1.377	-150.199
3.213	4.772	-151.353
4.410	5.054	-152.591
1.542	1.529	-153.944
-3.042	-3.450	-155.182
-8.830	-9.412	-156.147
-14.908	-15.927	-156.857
-10.487	-11.904	-158.382
-5.013	-6.668	-159.693
1.618	-0.266	-160.736
9.525	7.457	-161.418
18.283	16.586	-161.653
25.836	24.966	-161.621
20.494	20.294	-162.853
16.338	15.475	-163.824
11.996	10.372	-164.633
4.299	2.088	-165.339
1.024	0.002	-165.870
6.836	6.901	-166.354
14.754	14.011	-166.727
23.996	24.240	-166.875
34.564	35.686	-166.655
46.145	47.533	-165.858
46.233	46.723	-166.475
38.353	38.665	-167.784
25.931	26.059	-168.769
17.529	18.720	-169.229
0.365	2.417	-169.572
-22.495	-19.729	-169.614
-45.725	-42.319	-169.218
-62.013	-58.097	-168.377
-54.595	-51.128	-169.410
-42.980	-38.851	-170.041
-14.439	-11.055	-170.391
21.911	24.635	-170.439
23.817	25.616	-170.502
-44.165	-42.806	-170.499
-76.950	-74.974	-170.020
-81.759	-80.889	-170.023
-77.663	-76.967	-170.516
-87.510	-85.654	-170.469
-93.270	-90.237	-170.391
-97.397	-93.201	-170.277
-100.271	-94.944	-170.105
-101.785	-97.578	-169.896
-101.665	-96.460	-169.441
-105.067	-98.986	-170.073
-101.205	-95.011	-169.173
-100.018	-93.122	-168.212
-99.242	-92.855	-166.876
-100.199	-93.702	-168.345
-99.929	-92.338	-167.971
-99.348	-92.073	-166.497
-99.752	-93.406	-167.390
-99.401	-94.137	-166.845
-99.907	-95.691	-167.445
-100.726	-97.545	-168.049
-98.954	-95.598	-166.555
-100.337	-97.683	-167.760
-101.426	-97.729	-168.373
-99.619	-95.505	-167.035
-100.598	-97.441	-167.848
-103.038	-99.243	-168.950
-102.763	-100.126	-168.868
-102.873	-99.077	-168.897
-101.554	-96.751	-168.320
-100.430	-96.604	-167.557
-99.854	-94.967	-166.997
-100.900	-96.895	-167.936
-102.967	-98.221	-168.949
-102.017	-96.208	-168.515
-104.287	-99.238	-169.368
-102.408	-98.389	-168.799
-100.438	-97.203	-167.798
-102.627	-100.133	-168.800
-101.796	-98.188	-168.483
-101.634	-96.879	-168.403
-99.895	-95.544	-167.043
-99.658	-94.186	-166.742
-100.783	-95.985	-167.954
-99.854	-94.194	-166.985
-100.981	-96.043	-168.123
-103.059	-98.829	-169.088
-107.030	-103.556	-169.796
-104.808	-100.269	-169.474
-102.075	-96.824	-168.618
-100.234	-95.194	-167.234
-99.293	-93.715	-165.819
-99.283	-94.850	-165.798
-100.164	-94.967	-167.034
-101.804	-96.319	-168.441
-104.867	-99.776	-169.506
-110.177	-105.844	-170.074
-103.868	-100.287	-169.356
-101.039	-96.854	-168.362
-99.609	-94.788	-167.183
-99.606	-93.639	-167.180
-100.017	-95.125	-167.685
-98.861	-93.898	-166.108
-99.137	-95.280	-166.532
-99.963	-97.074	-167.351
-100.163	-96.128	-167.511
-100.519	-97.613	-167.776
-100.308	-96.259	-167.621
-99.919	-97.000	-167.312
-99.075	-97.184	-166.584
-97.696	-95.684	-164.901
-98.491	-95.617	-166.061
-98.306	-96.574	-165.831
-97.514	-94.953	-164.739
-97.939	-96.473	-165.487
-97.279	-97.024	-165.547
-95.873	-96.721	-164.813
-94.638	-96.666	-164.360
-94.557	-97.364	-165.779
-93.612	-95.589	-166.762
-92.505	-94.370	-168.237
-89.132	-92.221	-168.603
-83.718	-87.386	-169.632
-77.714	-80.385	-169.388
-67.359	-69.081	-169.802
-37.127	-38.410	-170.332
-47.867	-50.208	-169.944
-41.536	-45.038	-169.847
-8.794	-11.909	-170.075
5.185	0.990	-169.878
-14.386	-17.997	-169.489
-31.272	-35.185	-168.589
-38.219	-41.525	-167.539
-23.572	-26.487	-167.923
-7.723	-11.210	-167.933
6.050	2.968	-167.533
1.105	-1.071	-166.969
-6.792	-8.204	-166.222
-12.356	-12.901	-165.363
-20.697	-21.673	-164.232
-13.282	-15.133	-164.043
-10.927	-13.961	-163.499
-12.933	-17.179	-162.661
-14.647	-17.914	-161.757
-7.584	-10.554	-161.355
0.139	-3.109	-160.661
7.399	3.875	-159.625
3.076	-1.372	-158.623
4.022	-1.713	-157.581
1.860	-5.026	-156.275
0.902	-5.094	-154.891
0.668	-4.407	-153.501
0.765	-3.370	-152.124
-0.087	-3.269	-150.724
-2.196	-4.529	-149.330
-3.855	-7.159	-147.952
-6.748	-10.587	-146.373
-7.136	-9.919	-144.936
-6.139	-7.873	-143.624
-6.696	-7.269	-142.240
-5.301	-6.991	-141.070
-1.541	-3.317	-140.041
-3.948	-6.239	-138.676
-2.666	-6.080	-137.531
-4.614	-8.737	-136.049
-2.098	-5.699	-134.940
-2.706	-5.147	-133.534
-3.720	-5.015	-132.100
-4.817	-4.977	-130.646
-7.109	-6.693	-129.043
-5.907	-4.459	-127.743
-3.023	-1.677	-126.573
-0.345	0.532	-125.397
1.738	1.769	-124.217
2.825	1.639	-123.032
3.989	1.556	-121.770
5.172	3.451	-120.412
3.133	1.889	-119.101
1.197	0.377	-117.639
-0.422	-0.352	-116.306
-1.206	0.061	-115.162
-0.725	1.583	-114.132
0.245	1.388	-113.107
1.563	1.611	-112.035
2.893	1.851	-110.863
3.801	1.593	-109.556
2.492	1.345	-108.234
0.870	0.456	-106.929
-0.729	-0.425	-105.673
-2.413	-1.534	-104.508
-3.133	-3.131	-103.442
-2.295	-3.483	-102.515
-1.239	-3.588	-101.589
0.073	-3.352	-100.636
1.605	-2.751	-99.659
3.091	-2.358	-98.638
1.976	-4.211	-97.452
1.917	-3.291	-96.318
1.112	-3.076	-95.092
0.541	-2.607	-93.862
0.089	-2.012	-92.645
-0.343	-1.371	-91.462
-0.583	-0.517	-90.328
0.359	1.079	-89.233
1.763	1.522	-88.131
2.835	1.424	-87.059
3.332	0.596	-86.040
3.275	-0.679	-85.048
2.615	-2.229	-84.035
1.812	-3.971	-82.966
0.347	-5.425	-81.744
-0.248	-5.015	-80.575
-0.334	-4.149	-79.443
-0.211	-3.110	-78.337
0.526	-1.784	-77.300
1.968	-0.583	-76.294
3.352	-0.035	-75.297
4.363	-0.223	-74.315
5.145	-0.765	-73.309
5.518	-1.689	-72.214
4.909	-3.067	-70.961
3.620	-3.925	-69.541
2.478	-4.053	-68.109
1.556	-3.733	-66.770
1.493	-2.642	-65.625
2.771	-2.319	-64.660
3.975	-2.175	-63.715
5.081	-2.340	-62.733
6.002	-2.803	-61.692
6.775	-3.462	-60.574
7.317	-4.350	-59.351
6.089	-4.879	-57.764
5.015	-4.971	-56.112
3.946	-5.018	-54.534
2.793	-5.072	-53.106
1.728	-4.957	-51.843
1.219	-4.193	-50.795
2.284	-4.479	-50.018
3.216	-4.987	-49.209
4.227	-5.402	-48.354
3.465	-4.963	-47.199
2.428	-4.766	-45.991
1.293	-4.765	-44.782
0.064	-5.154	-43.572
0.311	-6.124	-42.623
1.254	-6.456	-41.813
1.784	-7.217	-40.895
1.512	-8.332	-39.785
1.317	-7.232	-38.693
0.763	-6.417	-37.521
-0.269	-6.168	-36.245
-0.965	-5.455	-35.046
0.163	-5.482	-34.190
-0.113	-6.668	-33.089
-0.252	-5.525	-32.036
0.912	-5.012	-31.255
1.941	-4.194	-30.447
3.076	-4.416	-29.656
2.061	-5.101	-28.541
2.648	-3.963	-27.664
1.791	-3.540	-26.547
0.702	-3.944	-25.365
0.000	-4.965	-24.196
-0.540	-5.975	-23.031
-0.746	-7.048	-21.943
-1.107	-8.088	-20.813
-2.111	-8.237	-19.490
-1.160	-7.281	-18.707
0.035	-7.524	-17.978
-1.009	-7.442	-16.657
-1.649	-6.578	-15.460
-0.529	-6.669	-14.688
0.283	-7.430	-13.840
0.994	-8.300	-12.966
1.769	-9.159	-12.115
2.549	-8.165	-11.253
2.989	-7.067	-10.267
3.022	-5.973	-9.159
2.520	-5.157	-7.932
1.494	-5.186	-6.622
0.645	-5.875	-5.340
1.210	-6.897	-4.349
2.416	-7.110	-3.479
1.588	-6.606	-2.092
0.886	-5.982	-0.774
2.242	-6.037	0.058
1.528	-5.399	1.331
2.845	-5.662	2.230
3.729	-6.597	3.225
3.398	-7.645	4.559
2.416	-7.614	6.097
2.123	-6.635	7.394
3.402	-6.434	8.283
4.746	-6.469	9.174
5.696	-7.454	10.151
4.805	-7.486	11.611
4.339	-6.562	12.959
5.506	-6.178	13.935
4.624	-6.724	15.413
3.685	-7.283	16.904
2.717	-7.771	18.386
3.861	-7.865	19.296
4.971	-7.784	20.278
5.165	-6.754	21.592
4.126	-6.832	23.178
3.396	-7.445	24.579
3.191	-8.475	25.762
3.300	-9.634	26.854
2.728	-10.507	28.220
1.514	-10.222	29.856
0.953	-9.164	31.232
1.995	-9.158	32.097
2.591	-10.304	33.125
2.065	-11.179	34.569
1.653	-12.123	35.925
2.576	-11.724	36.712
3.126	-10.924	37.674
3.952	-10.334	38.589
5.053	-11.313	39.426
4.118	-11.559	41.013
3.032	-10.996	42.601
2.236	-9.925	44.028
1.108	-9.101	45.508
1.694	-10.334	46.489
2.927	-10.781	47.253
4.019	-10.587	48.098
2.877	-10.086	49.685
2.551	-10.988	50.963
1.941	-11.604	52.305
1.809	-12.597	53.369
2.789	-13.736	53.895
2.885	-12.619	54.861
3.170	-11.597	55.796
2.144	-11.586	57.257
1.247	-11.962	58.635
0.782	-12.781	59.752
0.817	-13.919	60.569
1.722	-15.190	60.924
2.970	-16.256	61.036
4.090	-16.116	61.191
5.070	-15.772	61.440
5.256	-14.806	62.169
4.297	-14.872	63.442
4.005	-15.785	64.346
3.578	-16.555	65.202
3.110	-17.255	65.946
2.914	-18.207	66.512
2.585	-16.971	67.117
2.915	-16.089	67.407
3.115	-15.110	67.780
4.097	-14.901	67.789
5.492	-15.839	67.604
4.301	-14.889	68.610
3.072	-13.925	69.532
4.478	-14.392	69.244
5.846	-14.659	69.081
4.809	-13.438	69.924
5.827	-14.923	69.911
4.840	-14.952	70.753
4.750	-16.071	71.151
4.607	-17.028	71.499
4.904	-18.263	71.653
4.028	-16.779	72.381
4.442	-15.885	72.487
5.261	-15.430	72.452
4.122	-13.934	73.250
4.527	-13.035	73.314
5.612	-12.977	73.108
6.230	-14.248	73.100
7.509	-15.108	72.782
8.806	-15.921	72.446
7.581	-15.720	73.282
6.847	-16.205	73.875
7.134	-17.371	73.950
7.397	-18.493	73.958
6.490	-16.940	74.547
5.833	-15.437	75.059
5.236	-13.973	75.585
3.862	-12.837	76.402
3.932	-13.908	76.635
4.401	-13.022	76.692
4.201	-11.688	76.967
3.915	-10.384	77.247
4.497	-9.714	77.285
3.865	-8.309	77.674
3.312	-9.017	78.055
4.122	-10.474	78.059
5.125	-11.923	77.959
6.495	-13.137	77.713
7.740	-13.216	77.554
9.286	-14.352	77.522
11.130	-15.526	77.513
10.851	-14.526	78.544
10.122	-13.984	79.844
11.341	-15.918	80.419
11.722	-17.306	81.375
13.267	-19.287	81.659
15.163	-20.074	81.523
16.534	-20.182	81.440
17.690	-20.116	81.332
18.955	-20.242	81.155
20.337	-20.564	81.015
19.389	-20.602	82.346
18.381	-20.343	83.820
18.212	-19.251	84.870
17.529	-18.160	86.101
16.715	-18.470	87.210
16.542	-19.546	87.837
17.913	-21.147	87.506
19.373	-22.412	87.066
20.565	-23.829	86.791
21.798	-24.074	86.463
23.171	-24.632	86.079
23.417	-26.002	86.501
23.455	-27.246	87.131
24.825	-27.803	86.823
23.972	-27.876	88.264
24.747	-27.149	88.361
25.925	-26.997	88.073
25.450	-27.668	88.892
26.448	-28.964	88.566
26.858	-28.568	89.248
25.566	-28.166	91.164
25.143	-26.921	92.321
25.324	-25.957	92.945
24.114	-24.591	94.449
22.709	-23.841	95.966
21.535	-23.662	97.248
20.901	-24.241	98.209
20.395	-24.847	99.180
19.362	-24.744	100.547
19.723	-23.824	101.169
19.205	-22.392	102.247
18.521	-20.957	103.333
17.739	-19.536	104.398
18.517	-21.341	104.759
19.897	-23.399	104.867
21.279	-25.460	105.062
22.886	-27.546	105.150
23.828	-27.283	105.613
23.542	-26.097	106.736
23.027	-26.808	107.890
23.362	-28.295	108.534
23.432	-29.583	109.498
24.606	-29.688	109.950
25.936	-29.979	110.460
26.531	-29.572	111.545
25.526	-28.437	113.537
24.229	-27.705	115.555
23.929	-28.561	116.866
26.105	-30.815	116.691
25.104	-29.347	118.639
24.527	-27.938	120.362
23.705	-26.411	122.067
22.761	-24.783	123.543
22.217	-23.330	124.652
24.261	-24.490	124.728
25.314	-26.680	125.283
25.731	-28.400	126.207
25.563	-29.546	127.428
25.492	-30.682	128.600
26.080	-32.432	129.431
25.808	-33.260	130.769
24.204	-32.370	132.753
24.298	-31.383	133.739
24.157	-30.183	134.729
23.604	-28.630	135.779
24.989	-29.020	135.996
27.327	-30.633	135.931
30.299	-33.932	135.726
32.575	-37.321	135.954
33.758	-39.900	136.833
33.352	-40.740	138.610
32.542	-41.036	140.442
31.978	-41.559	142.027
31.527	-42.212	143.528
32.416	-44.254	144.369
34.981	-47.629	144.362
38.561	-51.139	143.576
38.268	-51.758	145.618
38.843	-53.343	147.053
37.613	-52.191	149.529
37.780	-51.203	150.945
39.489	-51.557	151.452
42.927	-53.833	150.973
46.521	-56.289	150.418
49.728	-58.244	150.238
52.181	-59.415	150.750
52.027	-59.420	153.304
51.886	-59.826	155.675
51.351	-59.730	158.071
50.513	-58.895	160.441
55.791	-63.391	159.736
55.171	-63.226	162.009
54.518	-63.245	163.981
56.773	-66.503	164.847
63.543	-72.655	163.664
66.958	-77.121	164.130
71.262	-82.362	163.653
74.063	-84.212	165.020
77.042	-86.400	166.461
80.515	-89.280	167.977
84.460	-92.189	167.682
87.824	-94.688	167.005
91.425	-99.528	166.760
95.206	-104.577	166.529
98.523	-109.149	165.991
102.679	-114.585	165.903
107.114	-120.216	166.039
110.349	-124.475	166.084
109.829	-124.609	165.646
112.429	-125.799	165.874
115.683	-127.650	166.215
119.758	-130.386	166.578
123.868	-133.232	166.836
128.525	-136.705	167.062
135.884	-142.983	167.384
150.667	-156.975	167.817
169.111	-174.699	167.797
-175.851	171.078	167.212
-171.091	167.469	166.424
177.006	178.749	165.839
-179.936	176.741	165.039
178.493	176.939	164.172
178.811	175.238	163.267
-178.940	171.729	162.303
-173.702	165.676	161.138
-169.133	160.532	159.802
-174.193	164.944	159.140
-170.680	162.816	157.661
-172.365	166.165	156.649
-174.913	170.068	155.797
-179.603	175.404	155.015
175.546	-179.897	154.011
174.441	179.811	152.874
176.665	176.174	151.705
-178.800	170.726	150.263
-174.246	165.728	148.621
-170.440	161.579	146.883
-167.140	158.165	145.026
-165.176	155.562	143.255
-167.261	156.677	142.475
-170.383	159.066	142.002
-174.071	163.043	141.637
-176.254	166.184	140.923
-175.915	167.028	139.783
-175.809	168.115	138.650
-173.472	165.329	137.144
-170.866	162.484	135.509
-168.583	159.729	133.839
-168.183	158.430	132.589
-167.858	157.326	131.299
-169.183	158.013	130.500
-171.432	160.276	130.004
-173.584	162.486	129.459
-175.285	163.951	128.812
-176.831	165.165	128.180
-179.098	167.822	127.800
-177.991	168.491	126.884
-176.856	169.072	126.047
-176.572	170.363	125.354
-176.374	171.567	124.669
-176.331	172.804	124.007
-176.670	174.285	123.394
-174.672	173.366	122.581
-174.508	172.105	122.002
-174.760	171.252	121.556
-174.175	169.691	121.034
-174.212	168.644	120.660
-175.021	168.276	120.509
-177.431	170.263	120.927
-177.039	170.869	120.836
-176.685	171.452	120.745
-175.688	171.329	120.578
-174.777	171.384	120.296
-174.357	172.102	120.059
-174.049	173.085	119.724
-173.594	174.143	119.233
-172.141	174.244	118.546
-171.533	172.900	117.921
-170.472	171.186	117.264
-168.857	169.147	116.563
-167.355	167.093	115.921
-166.147	165.178	115.434
-164.732	164.350	114.965
-164.462	164.915	114.973
-164.663	165.864	115.176
-165.578	167.384	115.555
-168.058	168.650	116.218
-169.906	169.098	116.648
-171.373	169.221	116.891
-172.898	169.535	117.156
-174.639	170.166	117.450
-176.513	170.969	117.741
-178.442	171.859	118.012
179.896	174.030	118.205
179.434	175.468	118.235
179.368	176.539	118.227
178.374	178.317	118.261
177.975	177.387	118.270
178.247	176.011	118.254
-179.700	173.764	118.073
-178.864	171.980	117.968
179.794	172.215	118.153
-179.137	170.342	118.001
-178.562	171.058	117.928
-178.247	172.001	117.895
-178.254	173.155	117.896
-177.276	173.352	117.780
-177.212	174.449	117.773
-175.128	172.570	117.521
-173.237	170.409	117.209
-175.618	172.368	117.543
-177.328	174.542	117.724
-179.643	176.361	117.900
-179.008	174.669	117.714
-178.143	172.827	117.487
-178.633	172.066	117.428
-179.119	171.364	117.499
-177.964	171.353	117.208
-176.776	171.399	116.922
-176.863	172.698	116.949
-178.924	174.263	117.197
-177.325	172.131	117.013
-178.836	172.699	117.228
-177.516	172.588	117.068
-178.337	174.403	117.171
-177.280	172.524	117.054
-175.786	170.428	116.836
-173.549	168.603	116.426
-173.386	169.611	116.396
-171.232	167.753	115.953
-172.869	169.891	116.286
-174.724	172.076	116.586
-176.870	174.163	116.848
-175.626	174.053	116.717
-176.141	175.663	116.772
-175.290	173.921	116.698
-174.576	172.274	116.619
-174.395	170.973	116.592
-173.621	169.238	116.454
-173.178	169.989	116.373
-172.266	170.260	116.211
-172.140	171.303	116.190
-170.294	169.137	115.863
-170.814	168.459	115.969
-170.349	166.943	115.864
-172.287	169.078	116.287
-174.068	169.935	116.622
-175.983	172.130	116.929
-174.578	171.818	116.728
-174.845	173.191	116.764
-173.392	171.087	116.559
-171.895	170.651	116.315
-172.906	172.533	116.468
-174.706	173.406	116.693
-174.182	171.839	116.623
-173.427	170.114	116.501
-173.373	171.221	116.494
-173.044	172.082	116.444
-172.272	172.413	116.325
-173.123	171.991	116.433
-173.956	171.562	116.545
-175.130	171.589	116.721
-175.906	171.175	116.840
-175.299	169.555	116.735
-175.585	170.937	116.787
-175.352	171.883	116.751
-174.448	172.163	116.622
-175.064	173.795	116.699
-173.052	171.619	116.437
-171.963	169.696	116.254
-173.927	171.867	116.580
-172.575	169.813	116.357
-173.939	171.874	116.582
-175.289	172.117	116.774
-173.185	170.008	116.437
-175.333	172.059	116.783
-173.146	170.219	116.435
-173.648	171.767	116.517
-172.794	169.979	116.376
-173.761	171.836	116.535
-173.507	170.475	116.493
-175.057	172.609	116.729
-175.409	174.047	116.771
-174.238	172.072	116.625
-173.198	170.174	116.459
-172.804	168.708	116.384
-174.929	170.771	116.777
-175.569	170.218	116.884
-173.635	168.026	116.671
-173.512	169.063	116.845
-175.687	170.838	117.458
-175.255	171.592	117.634
-174.468	171.994	117.767
-174.003	172.659	117.913
-174.903	172.303	118.212
-176.008	172.182	118.532
-177.684	172.772	118.944
179.972	174.691	119.401
178.662	176.776	119.706
176.600	178.034	119.985
177.167	176.428	120.176
178.534	174.312	120.346
-179.278	172.017	120.415
-176.974	170.176	120.405
-174.647	168.105	120.350
-174.549	169.158	120.750
-176.121	169.686	121.451
-178.041	170.704	122.305
-175.917	168.279	122.589
-176.227	169.719	123.346
-176.610	171.177	124.066
-176.959	172.615	124.729
-178.214	174.720	125.427
-177.827	173.284	125.935
-175.404	170.692	126.194
-174.013	170.611	126.559
-172.717	170.599	126.888
-170.702	169.699	127.061
-169.549	167.642	127.373
-168.039	165.295	127.626
-166.370	162.850	127.814
-168.414	165.275	128.897
-165.759	162.561	128.848
-165.776	161.398	129.436
-165.019	159.622	129.848
-166.199	159.787	130.846
-168.499	162.280	132.145
-169.378	164.258	133.053
-169.409	165.538	133.753
-169.509	166.851	134.409
-170.602	168.898	135.149
-173.615	171.778	136.084
-174.569	171.444	136.793
-175.013	170.627	137.497
-173.141	169.736	137.932
-171.557	169.174	138.354
-172.863	169.248	139.098
-172.218	167.428	139.616
-168.746	164.085	139.650
-165.536	161.725	139.569
-162.995	160.375	139.524
-160.646	159.294	139.441
-158.007	157.834	139.178
-160.687	160.002	140.242
-163.089	163.185	141.191
-166.458	166.542	142.239
-169.323	168.742	143.121
-172.718	172.380	143.965
-171.757	172.775	144.333
-172.486	174.760	144.797
-172.696	173.962	145.284
-168.743	169.826	145.528
-164.497	165.623	145.660
-160.264	161.389	145.695
-162.691	162.879	146.828
-165.994	166.597	147.945
-167.253	166.708	148.722
-170.920	169.665	149.731
-175.320	173.644	150.726
-178.479	177.526	151.596
-173.672	173.126	152.254
-168.373	167.721	152.764
-163.802	163.652	153.197
-158.708	158.827	153.376
-153.468	153.493	153.283
-150.142	149.222	153.379
-148.295	146.241	153.769
-147.325	144.163	154.494
-148.829	146.588	155.888
-153.390	150.916	157.777
-158.933	156.347	159.544
-160.471	158.962	160.647
-154.801	154.285	161.001
-149.986	150.503	161.422
-146.912	148.573	162.113
-147.178	149.967	163.262
-148.609	150.183	164.528
-157.501	158.557	166.208
-164.086	163.979	167.430
-165.628	164.223	168.404
-152.580	150.040	168.955
-135.939	134.377	169.281
-113.707	112.734	168.992
-98.626	96.993	168.244
-88.496	85.516	168.333
-70.140	67.197	169.548
-40.793	38.503	169.906
-22.603	21.197	169.652
-21.761	19.278	169.039
-19.523	15.936	168.323
-10.092	5.589	167.681
-5.672	0.290	166.900
-16.998	11.770	165.887
-22.041	17.646	164.774
-22.429	18.991	163.801
-17.875	15.524	163.104
-11.461	10.115	162.277
-9.996	9.680	161.015
-9.291	9.997	159.705
-5.306	7.074	158.515
-3.115	5.992	157.244
-4.169	5.927	155.959
-4.820	5.443	154.738
-6.557	6.007	153.490
-8.138	6.361	152.245
-11.592	8.800	150.897
-7.813	4.194	150.085
-3.376	-0.210	149.206
0.338	-3.521	148.206
3.326	-5.843	147.024
4.106	-7.780	145.778
4.444	-9.239	144.458
4.451	-10.387	143.145
4.531	-11.605	141.829
2.969	-11.126	140.759
3.644	-10.787	139.520
4.102	-10.295	138.463
4.650	-9.912	137.502
5.054	-9.410	136.547
4.992	-8.467	135.594
5.166	-7.746	134.576
5.495	-7.123	133.514
4.333	-7.272	132.587
2.736	-6.838	131.670
3.331	-8.535	130.519
6.083	-10.714	129.057
8.188	-11.891	127.673
7.334	-10.159	126.881
5.658	-7.901	126.331
8.064	-10.478	125.295
8.255	-11.944	124.593
9.713	-14.246	123.602
9.425	-15.128	122.998
8.644	-15.450	122.520
8.521	-16.510	121.852
9.345	-18.432	120.919
11.068	-20.762	119.689
8.943	-18.722	119.866
6.737	-17.318	120.032
8.089	-17.745	119.028
9.446	-18.150	117.924
7.242	-16.365	117.844
5.026	-14.794	117.470
3.327	-12.432	116.696
1.249	-11.193	115.941
-0.503	-10.439	114.911
-2.261	-9.671	113.590
-3.967	-8.848	111.980
-2.259	-9.592	109.354
-1.675	-8.943	106.836
-1.236	-8.117	104.566
-0.823	-7.187	102.579
-1.034	-5.776	100.926
-2.115	-3.971	99.547
-3.600	-2.282	98.161
-5.327	-0.985	96.689
-6.807	-0.435	95.139
-7.977	-0.382	93.460
-9.023	-0.493	91.574
-9.716	-1.034	89.451
-8.314	-1.451	87.107
-6.978	-1.757	84.728
-6.023	-1.631	82.428
-5.658	-0.916	80.298
-6.924	0.347	78.258
-7.412	1.572	76.130
-6.211	1.465	74.035
-5.159	1.596	72.042
-4.075	1.686	70.180
-2.971	1.533	68.455
-1.828	1.138	66.996
-1.112	-0.332	65.475
0.300	-1.155	63.797
1.506	-1.116	61.964
2.233	-0.368	60.079
3.152	0.246	58.278
4.105	0.768	56.700
4.903	1.344	55.406
4.897	2.492	54.299
4.919	1.331	53.308
3.964	0.829	52.322
3.430	-0.034	51.256
4.668	-0.434	50.081
5.384	0.232	48.926
6.593	-0.374	47.784
7.791	-0.946	46.644
7.051	-1.523	45.623
6.715	-2.378	44.628
7.415	-3.373	43.579
6.860	-1.955	42.714
6.679	-0.662	41.883
6.888	0.394	41.163
5.505	0.570	40.524
6.529	0.315	39.958
7.402	0.637	39.411
6.181	0.658	38.846
5.036	0.689	38.289
3.903	0.670	37.717
2.819	0.524	37.169
3.495	1.264	36.684
4.539	1.226	36.377
3.243	1.836	36.006
1.965	2.569	35.628
2.906	2.933	35.430
2.888	4.214	35.127
2.493	5.577	34.726
1.447	6.586	34.177
0.347	7.445	33.530
0.889	6.494	33.217
1.185	5.581	32.858
1.706	4.684	32.575
1.774	3.723	32.270
2.890	3.078	32.111
2.002	2.613	31.814
0.829	3.120	31.518
0.203	4.260	31.216
1.247	4.513	31.130
0.224	5.447	30.762
-0.481	4.718	30.478
0.466	3.863	30.463
1.320	3.079	30.427
-0.053	3.248	30.176
0.679	3.777	30.166
1.564	4.051	30.303
1.993	4.889	30.388
2.992	4.829	30.578
1.744	4.698	30.402
0.573	4.426	30.243
-0.523	4.045	30.103
-1.406	3.388	30.006
-2.416	2.898	29.910
-3.198	2.115	29.856
-2.214	2.048	30.077
-1.612	2.715	30.357
-2.944	3.005	30.527
-4.075	3.005	30.679
-5.198	2.961	30.817
-6.301	3.487	30.890
-5.161	3.732	31.165
-3.776	3.450	31.501
-2.367	2.814	31.892
-0.980	1.934	32.308
-1.858	1.942	32.509
-2.361	2.845	32.648
-3.348	2.556	32.700
-4.231	1.932	32.649
-3.351	0.818	32.700
-2.194	0.227	32.720
-2.095	1.337	32.723
-2.872	2.421	32.674
-2.316	1.254	32.708
-1.799	0.012	32.723
-1.645	-1.165	32.720
-1.476	-2.343	32.710
-1.547	-1.182	32.715
-1.545	-0.041	32.714
-1.526	1.095	32.715
-1.930	0.134	32.706
-2.026	-0.979	32.708
-0.978	-0.735	32.678
-1.937	0.295	32.682
-1.161	-0.706	32.672
-2.317	0.055	32.681
-2.799	1.315	32.664
-1.727	0.517	32.697
-0.942	-0.566	32.696
-2.132	-0.238	32.712
-2.644	1.017	32.700
-1.863	1.705	32.730
-2.910	1.459	32.675
-2.094	2.061	32.723
-1.952	0.886	32.730
-2.957	0.559	32.706
-2.148	1.170	32.729
-2.109	2.300	32.731
-2.794	1.559	32.687
-2.205	2.385	32.726
-3.194	2.030	32.653
-2.049	2.015	32.730
-2.293	0.964	32.718
-1.987	1.983	32.733
-2.127	0.889	32.727
-2.223	2.056	32.722
-2.054	0.877	32.730
-2.426	2.068	32.712
-1.929	0.888	32.737
-2.445	2.063	32.711
-1.929	0.888	32.737
-2.445	2.063	32.711
-1.850	0.905	32.741
-2.488	2.050	32.709
-1.847	0.905	32.741
-2.488	2.049	32.709
-1.998	0.871	32.733
-2.508	2.048	32.708
-1.829	0.918	32.742
-2.570	2.021	32.705
-1.942	0.872	32.736
-2.230	2.061	32.721
-2.093	0.888	32.728
-2.326	2.074	32.717
-2.080	0.887	32.729
-2.201	2.058	32.723
-2.104	0.891	32.728
-2.204	2.058	32.723
-2.234	0.923	32.721
-2.162	2.043	32.725
-2.301	0.947	32.718
-2.245	2.072	32.721
-2.146	0.907	32.726
-2.220	2.068	32.722
-2.154	0.908	32.725
-2.343	2.090	32.716
-1.932	0.901	32.736
-2.472	2.072	32.709
-1.814	0.935	32.743
-2.594	2.018	32.704
-1.899	0.895	32.738
-2.389	2.075	32.714
-1.901	0.895	32.738
-2.386	2.075	32.714
-1.785	0.920	32.744
-2.450	2.056	32.711
-1.785	0.920	32.744
-2.448	2.056	32.711
-1.787	0.918	32.744
-2.554	2.009	32.706
-1.824	0.901	32.742
-2.593	1.991	32.704
-1.790	0.922	32.744
-2.595	1.990	32.704
-1.788	0.923	32.744
-2.509	2.036	32.708
-1.759	0.938	32.746
-2.544	2.018	32.706
-1.805	0.914	32.743
-2.461	2.051	32.710
-1.830	0.905	32.742
-2.464	2.050	32.710
-1.924	0.881	32.737
-2.443	2.055	32.711
-1.943	0.878	32.736
-2.324	2.068	32.717
-1.629	0.943	32.752
-2.802	1.471	32.704
-1.637	0.908	32.751
-2.823	1.356	32.706
-1.818	1.686	32.757
-2.802	1.322	32.707
-1.917	1.836	32.755
-2.106	0.760	32.746
-1.875	1.816	32.756
-2.221	0.821	32.741
-2.285	1.980	32.738
-2.134	0.803	32.745
-1.881	1.849	32.756
-2.097	0.787	32.747
-2.114	1.934	32.746
-2.323	0.869	32.736
-2.114	1.934	32.746
-2.204	0.821	32.742
-1.939	1.859	32.754
-2.353	0.905	32.734
-2.123	1.962	32.745
-2.398	0.928	32.732
-1.848	1.786	32.757
-2.279	0.843	32.738
-1.893	1.815	32.755
-2.317	0.867	32.736
-2.314	2.010	32.736
-2.122	0.827	32.746
-1.940	1.905	32.754
-2.080	0.810	32.748
-2.222	1.984	32.741
-2.197	0.834	32.742
-2.217	1.983	32.741
-2.020	0.800	32.750
-1.982	1.931	32.752
-2.144	0.846	32.745
-2.158	1.993	32.744
-2.210	0.867	32.741
-1.940	1.904	32.754
-2.222	0.872	32.741
-1.747	1.785	32.762
-2.482	1.093	32.726
-1.712	1.749	32.763
-2.326	0.944	32.735
-1.717	1.754	32.763
-2.327	0.945	32.735
-1.816	1.833	32.759
-2.328	0.944	32.735
-1.615	1.658	32.767
-2.415	1.038	32.730
-1.830	1.869	32.759
-2.181	0.877	32.743
-2.074	1.984	32.748
-2.217	0.889	32.741
-1.858	1.876	32.758
-2.094	0.824	32.747
-2.198	1.991	32.742
-2.094	0.824	32.747
-2.164	1.984	32.744
-2.097	0.825	32.747
-1.918	1.905	32.755
-2.139	0.845	32.745
-2.013	1.946	32.751
-2.173	0.860	32.743
-2.003	1.942	32.751
-2.176	0.861	32.743
-1.809	1.845	32.760
-2.216	0.885	32.741
-1.782	1.827	32.761
-2.215	0.886	32.741
-1.911	1.904	32.755
-2.215	0.885	32.741
-1.911	1.903	32.755
-2.216	0.885	32.741
-1.777	1.824	32.761
-2.167	0.854	32.743
-1.777	1.823	32.761
-2.232	0.894	32.740
-1.629	1.710	32.767
-2.339	0.993	32.734
-1.630	1.709	32.767
-2.241	0.901	32.740
-1.502	1.588	32.771
-2.325	0.994	32.735
-1.371	1.407	32.773
-2.410	1.140	32.729
-1.369	1.401	32.773
-2.380	1.086	32.731
-1.252	1.132	32.773
-2.404	1.164	32.729
-1.253	1.132	32.773
-2.405	1.163	32.729
-1.321	1.328	32.774
-2.411	1.173	32.728
-1.256	1.121	32.773
-2.390	1.091	32.731
-1.254	1.113	32.773
-2.365	1.014	32.733
-1.464	1.506	32.771
-2.315	0.946	32.736
-1.465	1.505	32.771
-2.289	0.914	32.738
-1.578	1.629	32.768
-2.403	1.039	32.731
-1.332	1.236	32.772
-2.432	1.112	32.729
-1.247	0.876	32.768
